11111111111111111111111
11111111111111111111111
11111111111111111111111
11111111111111111111100
11111111111111111111110
11110000011111110001110
11110111011111110100000
00000001000000000101111
01110101111001011101111
01110101111001000001111
00000000000000011101111
10110111011111011101111
10110111000111011001111
10110111110111011011111
10000000000011011011111
11110111111000011011111
11100111111101000011111
11101111111101110111111
11001111111101110111111
11011111111101110111111
11111111111100000111111
11111111111111111111111
11111111111111111111111