1111111111111111111111
1111111111111111111111
1111111111111111111111
1111111111111111111100
1111111111111111111110
1111000001111110001110
1111011101111110100000
0000000100000000101111
0111010111100101101111
0111010111100100001111
0000000000000001101111
1011011101111101101111
1011011100011101001111
1000000000001101011111
1111011111100001011111
1110011111110000011111
1110111111110110111111
1100111111110110111111
1101111111110110111111
1111111111110000111111
1111111111111111111111
1111111111111111111111