00000000000000000000000
00000000000000000000000
00000000000000000000000
00000000000000000000021
00000000000000000000001
00001112100000001110001
00001000100000001021112
21212110121211211010000
10001010000120100010000
10001010000110111120000
21111121111121200010000
01001000200000100010000
01001000111000100110000
01001000001000100100000
02112111112100100100000
00001000000111200100000
00011000000010112100000
00010000000010001000000
00110000000010001000000
00200000000010001000000
00000000000021112000000
00000000000000000000000
00000000000000000000000